0.0020 0.0021 0.0023 0.0025 0.0027 0.0029 0.0031 0.0033 0.0033 0.0033 0.0032 0.0030 0.0028 0.0026 0.0025 0.0023 0.0022 0.0021 0.0020 0.0019 0.0018 0.0017 0.0017 0.0016 0.0015 0.0015 0.0014 0.0014 0.0013 0.0013 0.0012 0.0012 0.0012 0.0011 0.0011 0.0011 0.0010 0.0010 0.0010 0.0010 
0.0021 0.0023 0.0025 0.0028 0.0031 0.0034 0.0036 0.0039 0.0040 0.0039 0.0037 0.0035 0.0032 0.0030 0.0028 0.0026 0.0024 0.0023 0.0022 0.0021 0.0020 0.0019 0.0018 0.0017 0.0016 0.0016 0.0015 0.0015 0.0014 0.0014 0.0013 0.0013 0.0012 0.0012 0.0012 0.0011 0.0011 0.0011 0.0010 0.0010 
0.0022 0.0024 0.0027 0.0030 0.0034 0.0039 0.0044 0.0048 0.0050 0.0049 0.0045 0.0041 0.0037 0.0034 0.0031 0.0029 0.0027 0.0025 0.0024 0.0023 0.0021 0.0020 0.0019 0.0018 0.0018 0.0017 0.0016 0.0016 0.0015 0.0014 0.0014 0.0013 0.0013 0.0013 0.0012 0.0012 0.0012 0.0011 0.0011 0.0011 
0.0023 0.0026 0.0029 0.0033 0.0039 0.0045 0.0053 0.0062 0.0066 0.0064 0.0057 0.0050 0.0044 0.0040 0.0036 0.0033 0.0031 0.0029 0.0027 0.0025 0.0024 0.0022 0.0021 0.0020 0.0019 0.0018 0.0017 0.0017 0.0016 0.0015 0.0015 0.0014 0.0014 0.0013 0.0013 0.0013 0.0012 0.0012 0.0011 0.0011 
0.0024 0.0027 0.0031 0.0036 0.0043 0.0053 0.0067 0.0085 0.0099 0.0092 0.0075 0.0063 0.0055 0.0048 0.0043 0.0039 0.0035 0.0033 0.0030 0.0028 0.0026 0.0025 0.0023 0.0022 0.0021 0.0020 0.0019 0.0018 0.0017 0.0016 0.0016 0.0015 0.0015 0.0014 0.0014 0.0013 0.0013 0.0012 0.0012 0.0012 
0.0024 0.0027 0.0032 0.0038 0.0046 0.0059 0.0082 0.0126 0.0192 0.0156 0.0112 0.0088 0.0072 0.0061 0.0053 0.0047 0.0042 0.0038 0.0035 0.0032 0.0030 0.0028 0.0026 0.0024 0.0023 0.0022 0.0020 0.0019 0.0019 0.0018 0.0017 0.0016 0.0016 0.0015 0.0015 0.0014 0.0014 0.0013 0.0013 0.0012 
0.0024 0.0028 0.0032 0.0038 0.0047 0.0062 0.0090 0.0164 0.0909 0.0477 0.0218 0.0141 0.0104 0.0083 0.0069 0.0059 0.0051 0.0045 0.0041 0.0037 0.0034 0.0031 0.0029 0.0027 0.0025 0.0024 0.0022 0.0021 0.0020 0.0019 0.0018 0.0018 0.0017 0.0016 0.0016 0.0015 0.0014 0.0014 0.0013 0.0013 
0.0024 0.0027 0.0032 0.0038 0.0046 0.0059 0.0082 0.0128 0.0288 1.0000 0.3912 0.0364 0.0191 0.0129 0.0098 0.0079 0.0066 0.0056 0.0049 0.0044 0.0040 0.0036 0.0033 0.0031 0.0028 0.0027 0.0025 0.0023 0.0022 0.0021 0.0020 0.0019 0.0018 0.0017 0.0017 0.0016 0.0015 0.0015 0.0014 0.0014 
0.0024 0.0027 0.0031 0.0036 0.0043 0.0053 0.0068 0.0097 0.0167 0.0605 1.0000 1.0000 0.1099 0.0294 0.0170 0.0119 0.0092 0.0075 0.0063 0.0054 0.0048 0.0043 0.0039 0.0035 0.0032 0.0030 0.0028 0.0026 0.0025 0.0023 0.0022 0.0021 0.0020 0.0019 0.0018 0.0017 0.0016 0.0016 0.0015 0.0015 
0.0023 0.0026 0.0029 0.0033 0.0039 0.0047 0.0058 0.0078 0.0118 0.0240 1.0000 1.0000 1.0000 1.0000 0.0639 0.0246 0.0153 0.0111 0.0087 0.0071 0.0061 0.0053 0.0046 0.0042 0.0038 0.0034 0.0032 0.0029 0.0027 0.0026 0.0024 0.0023 0.0022 0.0020 0.0019 0.0019 0.0018 0.0017 0.0016 0.0016 
0.0022 0.0024 0.0027 0.0031 0.0035 0.0042 0.0051 0.0065 0.0091 0.0150 0.0427 1.0000 1.0000 1.0000 1.0000 1.0000 0.0451 0.0212 0.0139 0.0103 0.0082 0.0068 0.0058 0.0051 0.0045 0.0041 0.0037 0.0034 0.0031 0.0029 0.0027 0.0025 0.0024 0.0022 0.0021 0.0020 0.0019 0.0018 0.0018 0.0017 
0.0021 0.0023 0.0025 0.0028 0.0032 0.0038 0.0045 0.0056 0.0074 0.0109 0.0206 0.1916 1.0000 1.0000 1.0000 1.0000 1.0000 0.2635 0.0348 0.0186 0.0127 0.0097 0.0078 0.0065 0.0056 0.0049 0.0044 0.0039 0.0036 0.0033 0.0030 0.0028 0.0026 0.0025 0.0023 0.0022 0.0021 0.0020 0.0019 0.0018 
0.0020 0.0022 0.0024 0.0027 0.0030 0.0035 0.0041 0.0049 0.0062 0.0086 0.0136 0.0330 1.0000 1.0000 1.0000 1.0000 1.0000 1.0000 1.0000 0.0967 0.0283 0.0166 0.0117 0.0091 0.0074 0.0063 0.0054 0.0048 0.0043 0.0038 0.0035 0.0032 0.0030 0.0028 0.0026 0.0024 0.0023 0.0022 0.0021 0.0019 
0.0019 0.0020 0.0022 0.0025 0.0028 0.0032 0.0037 0.0044 0.0054 0.0070 0.0101 0.0181 0.0827 1.0000 1.0000 1.0000 1.0000 1.0000 1.0000 1.0000 1.0000 0.0592 0.0239 0.0150 0.0109 0.0086 0.0071 0.0060 0.0052 0.0046 0.0041 0.0038 0.0034 0.0032 0.0029 0.0027 0.0026 0.0024 0.0023 0.0021 
0.0018 0.0019 0.0021 0.0023 0.0026 0.0029 0.0034 0.0039 0.0048 0.0060 0.0081 0.0124 0.0269 1.0000 1.0000 1.0000 1.0000 1.0000 1.0000 1.0000 1.0000 1.0000 1.0000 0.0427 0.0207 0.0136 0.0102 0.0081 0.0068 0.0058 0.0051 0.0045 0.0040 0.0037 0.0034 0.0031 0.0029 0.0027 0.0025 0.0023 
0.0017 0.0019 0.0020 0.0022 0.0024 0.0027 0.0031 0.0036 0.0043 0.0052 0.0067 0.0095 0.0161 0.0527 1.0000 1.0000 1.0000 1.0000 1.0000 1.0000 1.0000 1.0000 1.0000 1.0000 0.1987 0.0334 0.0182 0.0125 0.0095 0.0077 0.0065 0.0056 0.0049 0.0044 0.0039 0.0036 0.0033 0.0030 0.0027 0.0025 
0.0016 0.0018 0.0019 0.0021 0.0023 0.0026 0.0029 0.0033 0.0038 0.0046 0.0058 0.0077 0.0115 0.0227 1.0000 1.0000 1.0000 1.0000 1.0000 1.0000 1.0000 1.0000 1.0000 1.0000 1.0000 1.0000 0.0864 0.0274 0.0163 0.0116 0.0090 0.0073 0.0062 0.0054 0.0047 0.0042 0.0038 0.0034 0.0030 0.0027 
0.0016 0.0017 0.0018 0.0020 0.0022 0.0024 0.0027 0.0030 0.0035 0.0041 0.0050 0.0064 0.0089 0.0145 0.0387 1.0000 1.0000 1.0000 1.0000 1.0000 1.0000 1.0000 1.0000 1.0000 1.0000 1.0000 1.0000 1.0000 0.0552 0.0232 0.0147 0.0108 0.0085 0.0070 0.0060 0.0052 0.0044 0.0038 0.0032 0.0028 
0.0015 0.0016 0.0018 0.0019 0.0021 0.0023 0.0025 0.0028 0.0032 0.0037 0.0045 0.0055 0.0073 0.0106 0.0196 0.1305 1.0000 1.0000 1.0000 1.0000 1.0000 1.0000 1.0000 1.0000 1.0000 1.0000 1.0000 1.0000 1.0000 1.0000 0.0405 0.0202 0.0134 0.0101 0.0080 0.0064 0.0051 0.0042 0.0035 0.0030 
0.0015 0.0016 0.0017 0.0018 0.0020 0.0021 0.0024 0.0026 0.0030 0.0034 0.0040 0.0049 0.0062 0.0084 0.0132 0.0305 1.0000 1.0000 1.0000 1.0000 1.0000 1.0000 1.0000 1.0000 1.0000 1.0000 1.0000 1.0000 1.0000 1.0000 1.0000 0.1595 0.0320 0.0178 0.0116 0.0078 0.0057 0.0045 0.0037 0.0031 
0.0014 0.0015 0.0016 0.0017 0.0019 0.0020 0.0022 0.0025 0.0028 0.0032 0.0036 0.0043 0.0053 0.0069 0.0099 0.0173 0.0688 1.0000 1.0000 1.0000 1.0000 1.0000 1.0000 1.0000 1.0000 1.0000 1.0000 1.0000 1.0000 1.0000 1.0000 1.0000 1.0000 0.0595 0.0151 0.0086 0.0060 0.0046 0.0038 0.0032 
0.0014 0.0015 0.0015 0.0017 0.0018 0.0019 0.0021 0.0023 0.0026 0.0029 0.0033 0.0039 0.0047 0.0059 0.0079 0.0121 0.0252 1.0000 1.0000 1.0000 1.0000 1.0000 1.0000 1.0000 1.0000 1.0000 1.0000 1.0000 1.0000 1.0000 1.0000 1.0000 1.0000 0.0275 0.0125 0.0080 0.0058 0.0045 0.0037 0.0031 
0.0013 0.0014 0.0015 0.0016 0.0017 0.0018 0.0020 0.0022 0.0024 0.0027 0.0031 0.0036 0.0042 0.0051 0.0066 0.0093 0.0155 0.0467 1.0000 1.0000 1.0000 1.0000 1.0000 1.0000 1.0000 1.0000 1.0000 1.0000 1.0000 1.0000 1.0000 1.0000 0.0566 0.0164 0.0096 0.0068 0.0052 0.0042 0.0035 0.0030 
0.0013 0.0014 0.0014 0.0015 0.0016 0.0018 0.0019 0.0021 0.0023 0.0025 0.0029 0.0033 0.0038 0.0046 0.0057 0.0075 0.0111 0.0215 0.3094 1.0000 1.0000 1.0000 1.0000 1.0000 1.0000 1.0000 1.0000 1.0000 1.0000 1.0000 1.0000 1.0000 0.0236 0.0116 0.0077 0.0058 0.0046 0.0039 0.0033 0.0029 
0.0012 0.0013 0.0014 0.0015 0.0016 0.0017 0.0018 0.0020 0.0022 0.0024 0.0027 0.0030 0.0035 0.0041 0.0050 0.0063 0.0087 0.0140 0.0353 1.0000 1.0000 1.0000 1.0000 1.0000 1.0000 1.0000 1.0000 1.0000 1.0000 1.0000 1.0000 0.0420 0.0149 0.0090 0.0065 0.0051 0.0042 0.0035 0.0031 0.0027 
0.0012 0.0013 0.0013 0.0014 0.0015 0.0016 0.0017 0.0019 0.0021 0.0023 0.0025 0.0028 0.0032 0.0037 0.0044 0.0055 0.0071 0.0103 0.0187 0.0989 1.0000 1.0000 1.0000 1.0000 1.0000 1.0000 1.0000 1.0000 1.0000 1.0000 0.1950 0.0206 0.0109 0.0074 0.0056 0.0045 0.0038 0.0032 0.0028 0.0025 
0.0012 0.0012 0.0013 0.0014 0.0015 0.0016 0.0017 0.0018 0.0020 0.0021 0.0024 0.0026 0.0030 0.0034 0.0040 0.0048 0.0061 0.0082 0.0127 0.0284 1.0000 1.0000 1.0000 1.0000 1.0000 1.0000 1.0000 1.0000 1.0000 1.0000 0.0334 0.0136 0.0086 0.0062 0.0049 0.0040 0.0034 0.0030 0.0027 0.0024 
0.0011 0.0012 0.0013 0.0013 0.0014 0.0015 0.0016 0.0017 0.0019 0.0020 0.0022 0.0025 0.0028 0.0031 0.0036 0.0043 0.0053 0.0068 0.0097 0.0166 0.0589 1.0000 1.0000 1.0000 1.0000 1.0000 1.0000 1.0000 1.0000 0.0889 0.0183 0.0102 0.0071 0.0054 0.0044 0.0037 0.0032 0.0028 0.0025 0.0022 
0.0011 0.0012 0.0012 0.0013 0.0014 0.0014 0.0015 0.0017 0.0018 0.0019 0.0021 0.0023 0.0026 0.0029 0.0033 0.0039 0.0046 0.0058 0.0078 0.0117 0.0238 1.0000 1.0000 1.0000 1.0000 1.0000 1.0000 1.0000 1.0000 0.0278 0.0126 0.0081 0.0060 0.0048 0.0039 0.0034 0.0029 0.0026 0.0023 0.0021 
0.0011 0.0011 0.0012 0.0012 0.0013 0.0014 0.0015 0.0016 0.0017 0.0018 0.0020 0.0022 0.0024 0.0027 0.0031 0.0035 0.0042 0.0051 0.0065 0.0091 0.0149 0.0419 1.0000 1.0000 1.0000 1.0000 1.0000 1.0000 0.0576 0.0164 0.0096 0.0068 0.0052 0.0043 0.0036 0.0031 0.0027 0.0024 0.0022 0.0020 
0.0010 0.0011 0.0011 0.0012 0.0013 0.0013 0.0014 0.0015 0.0016 0.0018 0.0019 0.0021 0.0023 0.0025 0.0028 0.0032 0.0038 0.0045 0.0056 0.0074 0.0108 0.0204 0.1761 1.0000 1.0000 1.0000 1.0000 1.0000 0.0237 0.0117 0.0078 0.0058 0.0046 0.0039 0.0033 0.0029 0.0026 0.0023 0.0021 0.0019 
0.0010 0.0011 0.0011 0.0012 0.0012 0.0013 0.0014 0.0015 0.0016 0.0017 0.0018 0.0020 0.0022 0.0024 0.0027 0.0030 0.0034 0.0040 0.0049 0.0062 0.0085 0.0135 0.0325 1.0000 1.0000 1.0000 1.0000 0.0426 0.0149 0.0091 0.0065 0.0051 0.0042 0.0035 0.0031 0.0027 0.0024 0.0022 0.0020 0.0018 
0.0010 0.0010 0.0011 0.0011 0.0012 0.0013 0.0013 0.0014 0.0015 0.0016 0.0017 0.0019 0.0020 0.0022 0.0025 0.0028 0.0032 0.0037 0.0044 0.0054 0.0070 0.0101 0.0179 0.0796 1.0000 1.0000 0.2073 0.0207 0.0109 0.0074 0.0056 0.0045 0.0038 0.0032 0.0028 0.0025 0.0023 0.0021 0.0019 0.0018 
0.0010 0.0010 0.0011 0.0011 0.0012 0.0012 0.0013 0.0014 0.0015 0.0016 0.0017 0.0018 0.0019 0.0021 0.0023 0.0026 0.0029 0.0034 0.0039 0.0047 0.0060 0.0081 0.0124 0.0266 1.0000 1.0000 0.0338 0.0137 0.0086 0.0063 0.0049 0.0041 0.0034 0.0030 0.0027 0.0024 0.0022 0.0020 0.0018 0.0017 
0.0009 0.0010 0.0010 0.0011 0.0011 0.0012 0.0013 0.0013 0.0014 0.0015 0.0016 0.0017 0.0019 0.0020 0.0022 0.0024 0.0027 0.0031 0.0036 0.0042 0.0052 0.0067 0.0094 0.0159 0.0515 0.0914 0.0184 0.0102 0.0071 0.0054 0.0044 0.0037 0.0032 0.0028 0.0025 0.0022 0.0020 0.0019 0.0017 0.0016 
0.0009 0.0010 0.0010 0.0010 0.0011 0.0012 0.0012 0.0013 0.0014 0.0014 0.0015 0.0016 0.0018 0.0019 0.0021 0.0023 0.0026 0.0029 0.0033 0.0038 0.0046 0.0057 0.0076 0.0114 0.0212 0.0242 0.0126 0.0082 0.0060 0.0048 0.0040 0.0034 0.0029 0.0026 0.0023 0.0021 0.0019 0.0018 0.0017 0.0016 
0.0009 0.0009 0.0010 0.0010 0.0011 0.0011 0.0012 0.0012 0.0013 0.0014 0.0015 0.0016 0.0017 0.0018 0.0020 0.0022 0.0024 0.0027 0.0030 0.0035 0.0041 0.0050 0.0064 0.0085 0.0110 0.0113 0.0090 0.0068 0.0052 0.0043 0.0036 0.0031 0.0027 0.0025 0.0022 0.0020 0.0019 0.0017 0.0016 0.0015 
0.0009 0.0009 0.0010 0.0010 0.0010 0.0011 0.0011 0.0012 0.0013 0.0013 0.0014 0.0015 0.0016 0.0018 0.0019 0.0021 0.0023 0.0025 0.0028 0.0032 0.0037 0.0044 0.0053 0.0063 0.0072 0.0073 0.0065 0.0055 0.0046 0.0039 0.0033 0.0029 0.0026 0.0023 0.0021 0.0019 0.0018 0.0016 0.0015 0.0014 
0.0009 0.0009 0.0009 0.0010 0.0010 0.0011 0.0011 0.0012 0.0012 0.0013 0.0014 0.0015 0.0016 0.0017 0.0018 0.0020 0.0021 0.0024 0.0026 0.0030 0.0034 0.0039 0.0044 0.0049 0.0053 0.0053 0.0050 0.0045 0.0040 0.0035 0.0030 0.0027 0.0024 0.0022 0.0020 0.0018 0.0017 0.0016 0.0015 0.0014 
0.0008 0.0009 0.0009 0.0009 0.0010 0.0010 0.0011 0.0011 0.0012 0.0013 0.0013 0.0014 0.0015 0.0016 0.0017 0.0019 0.0020 0.0022 0.0025 0.0027 0.0030 0.0034 0.0037 0.0040 0.0042 0.0042 0.0041 0.0038 0.0034 0.0031 0.0028 0.0025 0.0023 0.0021 0.0019 0.0018 0.0016 0.0015 0.0014 0.0013 
